# 5d6 to D100 Lookup Tables

## Tens Digit Table
| 5d6 Sum | Tens Digit |
|---------|------------|
| 5 | 0 |
| 6 | 1 |
| 7 | 2 |
| 8 | 3 |
| 9 | 4 |
| 10 | 5 |
| 11 | 6 |
| 12 | 7 |
| 13 | 8 |
| 14 | 9 |
| 15 | 0 |
| 16 | 1 |
| 17 | 2 |
| 18 | 3 |
| 19 | 4 |
| 20 | 5 |
| 21 | 6 |
| 22 | 7 |
| 23 | 8 |
| 24 | 9 |
| 25 | 0 |
| 26 | 1 |
| 27 | 2 |
| 28 | 3 |
| 29 | 4 |
| 30 | 5 |

## Ones Digit Table
| 5d6 Sum | Ones Digit |
|---------|------------|
| 5 | 0 |
| 6 | 1 |
| 7 | 2 |
| 8 | 3 |
| 9 | 4 |
| 10 | 5 |
| 11 | 6 |
| 12 | 7 |
| 13 | 8 |
| 14 | 9 |
| 15 | 0 |
| 16 | 1 |
| 17 | 2 |
| 18 | 3 |
| 19 | 4 |
| 20 | 5 |
| 21 | 6 |
| 22 | 7 |
| 23 | 8 |
| 24 | 9 |
| 25 | 0 |
| 26 | 1 |
| 27 | 2 |
| 28 | 3 |
| 29 | 4 |
| 30 | 5 |
